Zonas,Zona_1,Zona_2,Zona_3,Zona_4,Zona_5,Zona_6,Zona_7
Zona 1,1.20,1.60,2.00,2.40,2.80,3.20,3.60
Zona 2,1.60,1.20,1.60,2.00,2.40,2.80,3.20
Zona 3,2.00,1.60,1.20,1.60,2.00,2.40,2.80
Zona 4,2.40,2.00,1.60,1.20,1.60,2.00,2.40
Zona 5,2.80,2.40,2.00,1.60,1.20,1.60,2.00
Zona 6,3.20,2.80,2.40,2.00,1.60,1.20,1.60
Zona 7,3.60,3.20,2.80,2.40,2.00,1.60,1.20
